
























M1:

-4 0 2  5 0 3
4 1 2
2 2 1
-6 3 1

3 5 0  7 5 1  4 5 2


*********************

M2:

-5 0 3
-5 1 3
4 2 3
-4 3 0  -5 3 1  7 3 3
1 4 3
2 5 3

***********************

M1+M2:

-4 0 2
4 1 2  -5 1 3
2 2 1  4 2 3
-4 3 0  -11 3 1  7 3 3
1 4 3
3 5 0  7 5 1  4 5 2  2 5 3

*******************************


M4:

-2 0 1
4 1 0  -8 1 3
-4 2 0  -6 2 2  5 2 4
3 3 3

*******************

M1*M4

16 0 0  24 0 2  15 0 3  -20 0 4
-16 1 0  -24 1 2  20 1 4
8 2 0  -16 2 3
-24 3 0  48 3 3

12 5 0  -6 5 1  -24 5 2  -56 5 3  20 5 4

*************************************